1.6000000000000001 1.6000000000000001 1.5819845006129376
1.6000000000000001 0.2000000000000002 -1.7575598722650019
1.6000000000000001 3.0000000000000000 2.4933880280114211
1.6000000000000001 0.9000000000000001 0.6421368273232465
1.6000000000000001 2.2999999999999998 2.1241051633513122
1.6000000000000001 0.5500000000000003 -0.1616559177185715
1.6000000000000001 1.2500000000000000 1.1858456714329568
1.6000000000000001 1.9500000000000002 1.8831585724096995
1.6000000000000001 2.6499999999999999 2.3237287566375429
1.6000000000000001 0.3750000000000002 -0.7754128122632467
1.6000000000000001 0.7250000000000001 0.2873747646252497
1.6000000000000001 1.0750000000000002 0.9354309172238263
1.6000000000000001 1.4250000000000000 1.3990133922728933
1.6000000000000001 1.7750000000000001 1.7417447223464135
1.6000000000000001 2.1250000000000000 2.0097401566354014
1.6000000000000001 2.4750000000000001 2.2282495653013861
1.6000000000000001 2.8250000000000002 2.4117767729819972
0.2000000000000002 1.6000000000000001 -1.7575598725980359
0.2000000000000002 0.2000000000000002 -7.2553810373376351
0.2000000000000002 3.0000000000000000 -0.4309439130825497
0.2000000000000002 0.9000000000000001 -3.1114234977138198
0.2000000000000002 2.2999999999999998 -0.9749910156186631
0.2000000000000002 0.5500000000000003 -4.3945885610866267
0.2000000000000002 1.2500000000000000 -2.3205396762041381
0.2000000000000002 1.9500000000000002 -1.3245727107103722
0.2000000000000002 2.6499999999999999 -0.6824385203626195
3.0000000000000000 1.6000000000000001 2.4933880280140306
3.0000000000000000 0.2000000000000002 -0.4309439162694617
3.0000000000000000 3.0000000000000000 3.3528206016542450
3.0000000000000000 0.9000000000000001 1.6434823765915878
3.0000000000000000 2.2999999999999998 3.0050762039027541
3.0000000000000000 0.5500000000000003 0.9403546716912546
3.0000000000000000 1.2500000000000000 2.1251028804755863
3.0000000000000000 1.9500000000000002 2.7778588789162955
3.0000000000000000 2.6499999999999999 3.1931198935456879
0.9000000000000001 1.6000000000000001 0.6421368272964886
0.9000000000000001 0.2000000000000002 -3.1114234976233028
0.9000000000000001 3.0000000000000000 1.6434823765916593
0.9000000000000001 0.9000000000000001 -0.3851372238112192
0.9000000000000001 2.2999999999999998 1.2336318136780611
2.2999999999999998 1.6000000000000001 2.1241051633288608
2.2999999999999998 0.2000000000000002 -0.9749910156219898
2.2999999999999998 3.0000000000000000 3.0050762039695487
2.2999999999999998 0.9000000000000001 1.2336318143027716
2.2999999999999998 2.2999999999999998 2.6483461377843769
0.5500000000000003 1.6000000000000001 -0.1616559177344124
0.5500000000000003 0.2000000000000002 -4.3945885611736344
0.5500000000000003 3.0000000000000000 0.9403546716819707
1.2500000000000000 1.6000000000000001 1.1858456715158190
1.2500000000000000 0.2000000000000002 -2.3205396761972961
1.2500000000000000 3.0000000000000000 2.1251028850378275
1.9500000000000002 1.6000000000000001 1.8831585723044082
1.9500000000000002 0.2000000000000002 -1.3245727110925687
1.9500000000000002 3.0000000000000000 2.7778588789185767
2.6499999999999999 1.6000000000000001 2.3237287567402669
2.6499999999999999 0.2000000000000002 -0.6824385199832010
2.6499999999999999 3.0000000000000000 3.1931198933622347
0.3750000000000002 1.6000000000000001 -0.7754128117961852
0.7250000000000001 1.6000000000000001 0.2873747646230109
1.0750000000000002 1.6000000000000001 0.9354309168700161
1.4250000000000000 1.6000000000000001 1.3990133922691395
1.7750000000000001 1.6000000000000001 1.7417447223061782
2.1250000000000000 1.6000000000000001 2.0097401566141828
2.4750000000000001 1.6000000000000001 2.2282495653239196
2.8250000000000002 1.6000000000000001 2.4117767731378406
