1.0000000000000000 6.8573061649756983 1.5638321350223279
2.0000000000000000 0.0000000000000000 0.0000000000000000
3.0000000000000000 0.0000000000000000 0.0000000000000000
4.0000000000000000 0.0000000000000000 0.0000000000000000
5.0000000000000000 0.0000000000000000 0.0000000000000000
6.0000000000000000 0.0000000000000000 0.0000000000000000
7.0000000000000000 0.0000000000000000 0.0000000000000000
8.0000000000000000 0.0000000000000000 0.0000000000000000
9.0000000000000000 0.0000000000000000 0.0000000000000000
10.0000000000000000 0.0000000000000000 0.0000000000000000
