TASMANIAN SG 4.0
WARNING: do not edit this manually
localpolynomial
2 1 1 4
localp
1 2 51 0 0 0 1 0 2 0 3 0 4 0 5 0 6 0 7 0 8 0 9 0 10 0 11 0 12 1 0 1 1 1 2 1 3 1 4 1 5 1 6 1 7 1 8 2 0 2 1 2 2 2 3 2 4 2 5 2 6 2 7 2 8 3 0 3 1 3 2 3 3 3 4 4 0 4 1 4 2 4 3 4 4 5 0 5 1 5 2 6 0 6 1 6 2 7 0 7 1 8 0 8 1
1  -1.35673636981079198e+02 -2.63535706052664409e+00 7.31829187331925368e-01 5.69076641626736546e-01 6.91098588043530526e-02 3.11726993241023820e-01 5.79548885725955643e-02 2.41486013993039705e-02 1.20435492294177493e-02 1.43145899549892874e-01 3.64981385548617254e-02 1.67659365503709523e-02 1.18589674130475942e-02 -2.63535706074642917e+00 -1.67526170192934387e+00 3.26956596258014542e-01 5.09795937364259544e-01 2.59391668964497057e-02 2.95410215457835079e-01 3.19876548751238943e-02 8.98983513933160339e-03 4.37760600014769352e-03 7.31829187094945155e-01 3.26956600310040812e-01 -4.23847917545572273e-02 -9.16467060370393938e-02 -3.76365904153885822e-03 -5.20785450485021784e-02 -1.30505015411443992e-02 -1.49996452795164714e-03 -6.84793838999553373e-04 5.69076641727633614e-01 5.09795937206590111e-01 -9.16467044737743208e-02 -1.56092324519882197e-01 -9.21976538345603558e-03 6.91098587816725285e-02 2.59391647535665015e-02 -3.76365911105835949e-03 -9.21976396018919786e-03 -3.45173426623546220e-04 3.11726993365795124e-01 2.95410215234959139e-01 -5.20785433406913967e-02 5.79548886020972986e-02 3.19876546656772121e-02 -1.30504984809860503e-02 2.41486013321150494e-02 8.98983486523263764e-03 1.20435493018362649e-02 4.37760418229515835e-03
0
0
1 0
0 4 5 6 8 10 12 14 14 14 14 14 14 14 17 18 19 21 23 23 23 23 23 26 27 28 30 32 32 32 32 32 36 37 38 38 38 42 43 44 44 44 46 46 46 48 48 48 49 49 50 50
13 22 1 2 3 4 5 6 7 8 9 10 11 12 31 14 15 16 17 18 19 20 21 36 23 24 25 26 27 28 29 30 41 44 32 33 34 35 47 49 37 38 39 40 42 43 45 46 48 50
1 51 1 -1.35673636981079198e+02 -1.38308994041605843e+02 -1.34941807793747273e+02 -1.36422238869715784e+02 -1.35238612528608883e+02 -1.37053889462419789e+02 -1.35989983036824896e+02 -1.35431976153444737e+02 -1.35078166611948632e+02 -1.37538295852462937e+02 -1.36701566027512911e+02 -1.36189345016719955e+02 -1.35819951041538985e+02 -1.38308994041825628e+02 -1.42619612804281616e+02 -1.37250208258235688e+02 -1.39385430844062626e+02 -1.37684552124329855e+02 -1.40395384615473262e+02 -1.38757269899496407e+02 -1.37963634646539134e+02 -1.37450959036053206e+02 -1.34941807793984253e+02 -1.37250208254200857e+02 -1.34252363398406885e+02 -1.35618578088502858e+02 -1.34531739396432755e+02 -1.36174744723159336e+02 -1.35235288554212104e+02 -1.34714124958337180e+02 -1.34380692642029373e+02 -1.36422238869724794e+02 -1.39385430844009505e+02 -1.35618578088737621e+02 -1.37235952571078172e+02 -1.35947548802362064e+02 -1.35238612528750053e+02 -1.37684552124368111e+02 -1.34531739396406465e+02 -1.35947548801911040e+02 -1.34818293106721313e+02 -1.37053889462409416e+02 -1.40395384615544799e+02 -1.36174744723461544e+02 -1.35989983036799885e+02 -1.38757269899539892e+02 -1.35235288551121329e+02 -1.35431976153582497e+02 -1.37963634646789615e+02 -1.35078166612065303e+02 -1.37450959035800366e+02
custom
2.00000000000000011e-01 3.00000000000000000e+00
2.00000000000000011e-01 3.00000000000000000e+00
TASMANIAN SG end
