TASMANIAN SG 4.0
WARNING: do not edit this manually
localpolynomial
2 1 1 4
localp
1 2 51 0 0 0 1 0 2 0 3 0 4 0 5 0 6 0 7 0 8 0 9 0 10 0 11 0 12 1 0 1 1 1 2 1 3 1 4 1 5 1 6 1 7 1 8 2 0 2 1 2 2 2 3 2 4 2 5 2 6 2 7 2 8 3 0 3 1 3 2 3 3 3 4 4 0 4 1 4 2 4 3 4 4 5 0 5 1 5 2 6 0 6 1 6 2 7 0 7 1 8 0 8 1
1  -1.35673636986525196e+02 -2.63535705481803006e+00 7.31829192732533329e-01 5.69076645972245387e-01 6.91098638195626336e-02 3.11726997541086348e-01 5.79548933220053186e-02 2.41486054412405338e-02 1.20435481651099963e-02 1.43145904643688482e-01 3.64981346822901287e-02 1.67659372273760710e-02 1.18589653982610344e-02 -2.63535705503781514e+00 -1.67526170394549467e+00 3.26956590534194902e-01 5.09795930308669654e-01 2.59391683988923205e-02 2.95410203535041660e-01 3.19876506808896011e-02 8.98982677320248058e-03 4.37760085975469337e-03 7.31829192495553116e-01 3.26956588580969765e-01 -4.23848000202156072e-02 -9.16467072941316019e-02 -3.76366339799005800e-03 -5.20785436739430452e-02 -1.30505063442143410e-02 -1.49996844190525280e-03 -6.84794281923473136e-04 5.69076646073142456e-01 5.09795930151014431e-01 -9.16467087334780217e-02 -1.56092325818406152e-01 -9.21977442088461885e-03 6.91098637968821095e-02 2.59391687333305754e-02 -3.76366346749534841e-03 -9.21977423626429982e-03 -3.45176479704889516e-04 3.11726997665829231e-01 2.95410203312208353e-01 -5.20785449687295454e-02 5.79548933515354747e-02 3.19876504713860754e-02 -1.30505032840702029e-02 2.41486053740800344e-02 8.98982676178405882e-03 1.20435482375000902e-02 4.37760230719419496e-03
0
0
1 0
0 4 5 6 8 10 12 14 14 14 14 14 14 14 17 18 19 21 23 23 23 23 23 26 27 28 30 32 32 32 32 32 36 37 38 38 38 42 43 44 44 44 46 46 46 48 48 48 49 49 50 50
13 22 1 2 3 4 5 6 7 8 9 10 11 12 31 14 15 16 17 18 19 20 21 36 23 24 25 26 27 28 29 30 41 44 32 33 34 35 47 49 37 38 39 40 42 43 45 46 48 50
1 51 1 -1.35673636986525196e+02 -1.38308994041343226e+02 -1.34941807793792663e+02 -1.36422238867961966e+02 -1.35238612526339381e+02 -1.37053889457111524e+02 -1.35989983033921561e+02 -1.35431976150991034e+02 -1.35078166611900912e+02 -1.37538295844583672e+02 -1.36701566027854454e+02 -1.36189345013714387e+02 -1.35819951044825132e+02 -1.38308994041563011e+02 -1.42619612800326536e+02 -1.37250208258296283e+02 -1.39385430844663858e+02 -1.37684552117711206e+02 -1.40395384621419055e+02 -1.38757269899110554e+02 -1.37963634647422651e+02 -1.37450959038978880e+02 -1.34941807794029643e+02 -1.37250208260266703e+02 -1.34252363401317325e+02 -1.35618578088470059e+02 -1.34531739397251897e+02 -1.36174744720501252e+02 -1.35235288554272046e+02 -1.34714124958641435e+02 -1.34380692645401439e+02 -1.36422238867970975e+02 -1.39385430844610738e+02 -1.35618578088704822e+02 -1.37235952570982676e+02 -1.35947548804739739e+02 -1.35238612526480551e+02 -1.37684552118274752e+02 -1.34531739397225607e+02 -1.35947548804288715e+02 -1.34818293106212224e+02 -1.37053889457101150e+02 -1.40395384621490592e+02 -1.36174744720803460e+02 -1.35989983033896550e+02 -1.38757269899154039e+02 -1.35235288551181270e+02 -1.35431976151128794e+02 -1.37963634647673132e+02 -1.35078166612017583e+02 -1.37450959038726040e+02
custom
2.00000000000000011e-01 3.00000000000000000e+00
2.00000000000000011e-01 3.00000000000000000e+00
TASMANIAN SG end
