TASMANIAN SG 4.0
WARNING: do not edit this manually
localpolynomial
2 1 1 4
localp
1 2 51 0 0 0 1 0 2 0 3 0 4 0 5 0 6 0 7 0 8 0 9 0 10 0 11 0 12 1 0 1 1 1 2 1 3 1 4 1 5 1 6 1 7 1 8 2 0 2 1 2 2 2 3 2 4 2 5 2 6 2 7 2 8 3 0 3 1 3 2 3 3 3 4 4 0 4 1 4 2 4 3 4 4 5 0 5 1 5 2 6 0 6 1 6 2 7 0 7 1 8 0 8 1
1  -1.35673636989100686e+02 -2.63535705531759845e+00 7.31829197755359928e-01 5.69076646490913163e-01 6.91098629141038145e-02 3.11727003854457507e-01 5.79548940825986847e-02 2.41486047874843734e-02 1.20435499097766296e-02 1.43145898926832160e-01 3.64981378842799131e-02 1.67659363151813068e-02 1.18589675417979379e-02 -2.63535705553738353e+00 -1.67526164055513505e+00 3.26956588526314817e-01 5.09795901924647410e-01 2.59391630367105108e-02 2.95410173255618247e-01 3.19876510867942443e-02 8.98983295677169281e-03 4.37761893002175384e-03 7.31829197518379715e-01 3.26956586573089680e-01 -4.23848073304498030e-02 -9.16467092945936201e-02 -3.76366430523944473e-03 -5.20785509115313516e-02 -1.30505081802567702e-02 -1.49996547195030416e-03 -6.84795611775257385e-04 5.69076646591810231e-01 5.09795901766977977e-01 -9.16467107339258291e-02 -1.56092309110015037e-01 -9.21976951074299222e-03 6.91098628914232904e-02 2.59391638964530102e-02 -3.76366437475894600e-03 -9.21976958879611175e-03 -3.45174475214093945e-04 3.11727003979228812e-01 2.95410173031555701e-01 -5.20785522063391682e-02 5.79548941121288408e-02 3.19876508773262458e-02 -1.30505051201481592e-02 2.41486047202954524e-02 8.98983268272957048e-03 1.20435499821667236e-02 4.37762011479492230e-03
0
0
1 0
0 4 5 6 8 10 12 14 14 14 14 14 14 14 17 18 19 21 23 23 23 23 23 26 27 28 30 32 32 32 32 32 36 37 38 38 38 42 43 44 44 44 46 46 46 48 48 48 49 49 50 50
13 22 1 2 3 4 5 6 7 8 9 10 11 12 31 14 15 16 17 18 19 20 21 36 23 24 25 26 27 28 29 30 41 44 32 33 34 35 47 49 37 38 39 40 42 43 45 46 48 50
1 51 1 -1.35673636989100686e+02 -1.38308994044418284e+02 -1.34941807791345326e+02 -1.36422238870268558e+02 -1.35238612527308902e+02 -1.37053889453488949e+02 -1.35989983035602023e+02 -1.35431976153417310e+02 -1.35078166609417337e+02 -1.37538295850026799e+02 -1.36701566023994474e+02 -1.36189345016620109e+02 -1.35819951044809557e+02 -1.38308994044638069e+02 -1.42619612740510803e+02 -1.37250208258356395e+02 -1.39385430844158861e+02 -1.37684552125546418e+02 -1.40395384615224742e+02 -1.38757269899229073e+02 -1.37963634647347988e+02 -1.37450959023111608e+02 -1.34941807791582306e+02 -1.37250208260326815e+02 -1.34252363401157396e+02 -1.35618578088758227e+02 -1.34531739397760987e+02 -1.36174744721599581e+02 -1.35235288554267953e+02 -1.34714124955356112e+02 -1.34380692645161190e+02 -1.36422238870277567e+02 -1.39385430844105741e+02 -1.35618578088992990e+02 -1.37235952568848461e+02 -1.35947548804713563e+02 -1.35238612527450073e+02 -1.37684552125584673e+02 -1.34531739397734697e+02 -1.35947548804262539e+02 -1.34818293106306129e+02 -1.37053889453478575e+02 -1.40395384615297473e+02 -1.36174744721901789e+02 -1.35989983035577012e+02 -1.38757269899272558e+02 -1.35235288551177177e+02 -1.35431976153555070e+02 -1.37963634647598468e+02 -1.35078166609534009e+02 -1.37450959022858768e+02
custom
2.00000000000000011e-01 3.00000000000000000e+00
2.00000000000000011e-01 3.00000000000000000e+00
TASMANIAN SG end
