TASMANIAN SG 4.0
WARNING: do not edit this manually
localpolynomial
2 1 1 4
localp
1 2 55 0 0 0 1 0 2 0 3 0 4 0 5 0 6 0 7 0 8 0 9 0 10 0 11 0 12 0 13 0 14 0 15 0 16 1 0 1 1 1 2 1 3 1 4 1 5 1 6 1 7 1 8 2 0 2 1 2 2 2 3 2 4 2 5 2 6 2 7 2 8 3 0 3 1 3 2 3 3 3 4 4 0 4 1 4 2 4 3 4 4 5 0 5 1 5 2 6 0 6 1 6 2 7 0 7 1 8 0 8 1
1  -1.35673636989079199e+02 -2.63535705239488038e+00 7.31829195664289500e-01 5.69076646550541909e-01 6.91098625740949046e-02 3.11726993160533539e-01 5.79548920185857241e-02 2.41486119566047819e-02 1.20435515794667936e-02 1.43145899339856442e-01 3.64981377109643290e-02 1.67659429980346886e-02 1.18589716937265166e-02 7.27818184032003046e-03 4.89596709687134535e-03 3.45196190821184246e-03 2.58910289184655085e-03 -2.63535705261466546e+00 -1.67526170978612754e+00 3.26956587930510523e-01 5.09795947935145932e-01 2.59391582616217420e-02 2.95410184977257018e-01 3.19876439669286583e-02 8.98982694990024811e-03 4.37760547860932547e-03 7.31829195427309287e-01 3.26956585977285386e-01 -4.23848033603917429e-02 -9.16467080743217366e-02 -3.76366262651117722e-03 -5.20785421135059323e-02 -1.30505049209830304e-02 -1.49997490476039275e-03 -6.84795226618462038e-04 5.69076646651410556e-01 5.09795947777490710e-01 -9.16467095136681564e-02 -1.56092343236565512e-01 -9.21976666687385205e-03 6.91098625514143805e-02 2.59391591213926631e-02 -3.76366269601646763e-03 -9.21976761672738121e-03 -3.45174921839941362e-04 3.11726993285304843e-01 2.95410184754402394e-01 -5.20785434083421706e-02 5.79548920481158802e-02 3.19876437574890815e-02 -1.30505018608033652e-02 2.41486118896148128e-02 8.98982667562364668e-03 1.20435516518568875e-02 4.37760666337538851e-03
0
0
1 0
0 4 5 6 8 10 12 14 16 18 18 18 18 18 18 18 18 18 21 22 23 25 27 27 27 27 27 30 31 32 34 36 36 36 36 36 40 41 42 42 42 46 47 48 48 48 50 50 50 52 52 52 53 53 54 54
17 26 1 2 3 4 5 6 7 8 9 10 11 12 13 14 15 16 35 18 19 20 21 22 23 24 25 40 27 28 29 30 31 32 33 34 45 48 36 37 38 39 51 53 41 42 43 44 46 47 49 50 52 54
1 55 1 -1.35673636989079199e+02 -1.38308994041474079e+02 -1.34941807793414910e+02 -1.36422238868726112e+02 -1.35238612528672945e+02 -1.37053889461939576e+02 -1.35989983036884070e+02 -1.35431976146919453e+02 -1.35078166609464461e+02 -1.37538295852366929e+02 -1.36701566027621851e+02 -1.36189345009807056e+02 -1.35819951041287908e+02 -1.35545528386159020e+02 -1.35330398370699356e+02 -1.35154937607160520e+02 -1.35007398098547810e+02 -1.38308994041693865e+02 -1.42619612803874872e+02 -1.37250208258099065e+02 -1.39385430828298695e+02 -1.37684552129060734e+02 -1.40395384637948979e+02 -1.38757269899010737e+02 -1.37963634646470808e+02 -1.37450959036521851e+02 -1.34941807793651890e+02 -1.37250208260069485e+02 -1.34252363401347992e+02 -1.35618578088384481e+02 -1.34531739397552343e+02 -1.36174744723179970e+02 -1.35235288553920554e+02 -1.34714124958550258e+02 -1.34380692643097348e+02 -1.36422238868735121e+02 -1.39385430828245575e+02 -1.35618578088619245e+02 -1.37235952571208799e+02 -1.35947548803639165e+02 -1.35238612528814116e+02 -1.37684552129098989e+02 -1.34531739397526053e+02 -1.35947548804059892e+02 -1.34818293106831078e+02 -1.37053889461929202e+02 -1.40395384638020516e+02 -1.36174744723482178e+02 -1.35989983036859059e+02 -1.38757269899054222e+02 -1.35235288550829779e+02 -1.35431976147057043e+02 -1.37963634646721289e+02 -1.35078166609581132e+02 -1.37450959036269012e+02
custom
2.00000000000000011e-01 3.00000000000000000e+00
2.00000000000000011e-01 3.00000000000000000e+00
TASMANIAN SG end
