TASMANIAN SG 4.0
WARNING: do not edit this manually
localpolynomial
2 1 1 4
localp
1 2 55 0 0 0 1 0 2 0 3 0 4 0 5 0 6 0 7 0 8 0 9 0 10 0 11 0 12 0 13 0 14 0 15 0 16 1 0 1 1 1 2 1 3 1 4 1 5 1 6 1 7 1 8 2 0 2 1 2 2 2 3 2 4 2 5 2 6 2 7 2 8 3 0 3 1 3 2 3 3 3 4 4 0 4 1 4 2 4 3 4 4 5 0 5 1 5 2 6 0 6 1 6 2 7 0 7 1 8 0 8 1
1  -1.36889027790239396e+02 2.87380430563644040e-09 1.06268771560280584e-10 -1.92841298485291190e-10 -5.26284793522791006e-10 -1.34065203383215703e-09 -8.44380565467872657e-10 6.59849774820031598e-09 2.28371277444239240e-09 -1.94376070794533007e-09 -1.15178977466712240e-09 6.02975092078850139e-09 3.26116378346341662e-09 -3.56899931830412243e-09 -3.11726466861728113e-09 -5.08521225128788501e-10 -1.57865542860236019e-09 2.87380430563644040e-09 -5.20074650012247730e-09 -2.98823010780324694e-09 1.47288261587164016e-08 2.35544916904473212e-10 -2.83776557807868812e-10 -8.42436520542833023e-09 -7.88270426710369065e-09 -6.39815311842539813e-10 1.06268771560280584e-10 -2.98823010780324694e-09 2.53351117862621322e-10 3.89704268854984548e-10 4.23767687607323751e-11 8.42064196149294730e-10 1.25666588246531319e-09 -6.93856350153509993e-09 -5.15314013682655059e-10 -1.92841298485291190e-10 1.47288261587164016e-08 3.89732690564414952e-10 -1.62289808258719859e-08 -8.84483597474172711e-11 -5.26284793522791006e-10 2.35544916904473212e-10 4.23625579060171731e-11 -8.84625706021324731e-11 5.76811487462691730e-10 -1.34065203383215703e-09 -2.83741030671080807e-10 8.42071301576652331e-10 -8.44380565467872657e-10 -8.42438652171040303e-09 1.25664456618324039e-09 6.59832721794373356e-09 -7.88251242056503543e-09 2.28371277444239240e-09 -6.39822417269897414e-10
0
0
1 0
0 4 5 6 8 10 12 14 16 18 18 18 18 18 18 18 18 18 21 22 23 25 27 27 27 27 27 30 31 32 34 36 36 36 36 36 40 41 42 42 42 46 47 48 48 48 50 50 50 52 52 52 53 53 54 54
17 26 1 2 3 4 5 6 7 8 9 10 11 12 13 14 15 16 35 18 19 20 21 22 23 24 25 40 27 28 29 30 31 32 33 34 45 48 36 37 38 39 51 53 41 42 43 44 46 47 49 50 52 54
1 55 1 -1.36889027790239396e+02 -1.36889027787365592e+02 -1.36889027790133127e+02 -1.36889027788995321e+02 -1.36889027790712561e+02 -1.36889027789521094e+02 -1.36889027790461739e+02 -1.36889027783877452e+02 -1.36889027788139146e+02 -1.36889027790387104e+02 -1.36889027790410012e+02 -1.36889027783698793e+02 -1.36889027787089390e+02 -1.36889027790627438e+02 -1.36889027790412285e+02 -1.36889027789934374e+02 -1.36889027790714749e+02 -1.36889027787365592e+02 -1.36889027789692534e+02 -1.36889027790247553e+02 -1.36889027773993064e+02 -1.36889027789097327e+02 -1.36889027783467213e+02 -1.36889027789948102e+02 -1.36889027789515637e+02 -1.36889027788028528e+02 -1.36889027790133127e+02 -1.36889027790247553e+02 -1.36889027789773507e+02 -1.36889027789993463e+02 -1.36889027790437240e+02 -1.36889027790619082e+02 -1.36889027789651038e+02 -1.36889027790625221e+02 -1.36889027788336989e+02 -1.36889027788995321e+02 -1.36889027773993064e+02 -1.36889027789993463e+02 -1.36889027790551637e+02 -1.36889027789991360e+02 -1.36889027790712561e+02 -1.36889027789097327e+02 -1.36889027790437240e+02 -1.36889027789991360e+02 -1.36889027790503206e+02 -1.36889027789521094e+02 -1.36889027783467213e+02 -1.36889027790619082e+02 -1.36889027790461739e+02 -1.36889027789948102e+02 -1.36889027789651038e+02 -1.36889027783877623e+02 -1.36889027789515637e+02 -1.36889027788139146e+02 -1.36889027788028528e+02
custom
2.00000000000000011e-01 3.00000000000000000e+00
2.00000000000000011e-01 3.00000000000000000e+00
TASMANIAN SG end
