TASMANIAN SG 4.0
WARNING: do not edit this manually
localpolynomial
2 1 1 4
localp
1 2 51 0 0 0 1 0 2 0 3 0 4 0 5 0 6 0 7 0 8 0 9 0 10 0 11 0 12 1 0 1 1 1 2 1 3 1 4 1 5 1 6 1 7 1 8 2 0 2 1 2 2 2 3 2 4 2 5 2 6 2 7 2 8 3 0 3 1 3 2 3 3 3 4 4 0 4 1 4 2 4 3 4 4 5 0 5 1 5 2 6 0 6 1 6 2 7 0 7 1 8 0 8 1
1  -1.35673636989392321e+02 -2.63535705454251001e+00 7.31829195613926231e-01 5.69076648927591577e-01 6.91098690837748109e-02 3.11726992701380823e-01 5.79548931634121800e-02 2.41486023535344430e-02 1.20435465407808806e-02 1.43145909983275033e-01 3.64981401616546464e-02 1.67659347468429587e-02 1.18589712419066018e-02 -2.63535705476229509e+00 -1.67526170559003162e+00 3.26956590238239642e-01 5.09795930969218603e-01 2.59391517377594027e-02 2.95410193610180727e-01 3.19876563444267958e-02 8.98984485264975319e-03 4.37763005193403387e-03 7.31829195376946018e-01 3.26956588285014504e-01 -4.23848029374198632e-02 -9.16467100421840541e-02 -3.76366658190363523e-03 -5.20785409822650536e-02 -1.30505037261059442e-02 -1.49996629268400739e-03 -6.84793035233610681e-04 5.69076649028488646e-01 5.09795930811563380e-01 -9.16467114815446848e-02 -1.56092329169325694e-01 -9.21977134796492237e-03 6.91098690610942867e-02 2.59391525975019022e-02 -3.76366665143734735e-03 -9.21977142601804189e-03 -3.45181816491901827e-04 3.11726992826152127e-01 2.95410193387304787e-01 -5.20785422770941864e-02 5.79548931929139144e-02 3.19876561349943245e-02 -1.30505006659333844e-02 2.41486022863739436e-02 8.98984457855789287e-03 1.20435466131709745e-02 4.37763123671430776e-03
0
0
1 0
0 4 5 6 8 10 12 14 14 14 14 14 14 14 17 18 19 21 23 23 23 23 23 26 27 28 30 32 32 32 32 32 36 37 38 38 38 42 43 44 44 44 46 46 46 48 48 48 49 49 50 50
13 22 1 2 3 4 5 6 7 8 9 10 11 12 31 14 15 16 17 18 19 20 21 36 23 24 25 26 27 28 29 30 41 44 32 33 34 35 47 49 37 38 39 40 42 43 45 46 48 50
1 51 1 -1.35673636989392321e+02 -1.38308994043934831e+02 -1.34941807793778395e+02 -1.36422238867735985e+02 -1.35238612522501597e+02 -1.37053889463134027e+02 -1.35989983035400741e+02 -1.35431976153593411e+02 -1.35078166611599215e+02 -1.37538295843551140e+02 -1.36701566025273337e+02 -1.36189345016821505e+02 -1.35819951041154610e+02 -1.38308994044154616e+02 -1.42619612804287158e+02 -1.37250208258302450e+02 -1.39385430844324077e+02 -1.37684552130407013e+02 -1.40395384637994056e+02 -1.38757269894731508e+02 -1.37963634640074616e+02 -1.37450959017762017e+02 -1.34941807794015375e+02 -1.37250208260272871e+02 -1.34252363401338869e+02 -1.35618578088258715e+02 -1.34531739395175265e+02 -1.36174744722546677e+02 -1.35235288551699739e+02 -1.34714124958534455e+02 -1.34380692644751520e+02 -1.36422238867744994e+02 -1.39385430844270957e+02 -1.35618578088493479e+02 -1.37235952570765079e+02 -1.35947548804514554e+02 -1.35238612522642768e+02 -1.37684552130445269e+02 -1.34531739395148975e+02 -1.35947548804063530e+02 -1.34818293104919547e+02 -1.37053889463123653e+02 -1.40395384638065593e+02 -1.36174744722848885e+02 -1.35989983035375730e+02 -1.38757269894774993e+02 -1.35235288548608963e+02 -1.35431976153731171e+02 -1.37963634640325097e+02 -1.35078166611715886e+02 -1.37450959017509177e+02
custom
2.00000000000000011e-01 3.00000000000000000e+00
2.00000000000000011e-01 3.00000000000000000e+00
TASMANIAN SG end
